51.0
75.66666666666667
46.666666666666664
53.666666666666664
72.0
46.666666666666664
57.0
57.333333333333336
62.0
34.0
63.333333333333336
42.333333333333336
69.66666666666667
49.0
51.0
51.666666666666664
30.333333333333332
88.33333333333333
65.33333333333333
79.66666666666667
59.666666666666664
57.333333333333336
46.666666666666664
68.0
55.0
58.333333333333336
42.0
62.0
75.66666666666667
57.333333333333336
82.66666666666667
94.0
61.0
58.666666666666664
61.333333333333336
55.666666666666664
69.66666666666667
53.666666666666664
38.666666666666664
53.666666666666664
80.66666666666667
40.666666666666664
66.66666666666667
54.666666666666664
53.333333333333336
77.66666666666667
88.66666666666667
56.333333333333336
72.0
68.66666666666667
83.33333333333333
88.0
86.0
52.333333333333336
41.0
51.666666666666664
56.333333333333336
42.333333333333336
53.0
44.0
61.0
66.33333333333333
55.0
75.0
28.666666666666668
58.666666666666664
55.666666666666664
58.666666666666664
70.0
55.0
80.0
94.33333333333333
73.66666666666667
58.333333333333336
60.0
60.666666666666664
53.333333333333336
61.666666666666664
50.666666666666664
42.333333333333336
65.33333333333333
44.0
44.666666666666664
50.666666666666664
65.66666666666667
49.333333333333336
36.0
53.666666666666664
34.0
60.0
75.33333333333333
68.33333333333333
57.33695652173913 60.29347826086956 61.09782608695652